121.80 109.60
120.80 109.60
120.00 110.00
118.80 110.60
118.60 111.60
117.60 111.60
117.00 112.00
116.00 113.00
115.60 113.60
114.60 114.60
113.60 115.60
113.00 117.00
112.60 117.60
112.00 119.00
111.00 120.00
111.00 121.00
110.00 122.00
110.00 123.00
109.60 123.80
109.00 125.00
109.00 126.00
108.60 126.80
108.60 127.80
108.60 128.80
108.00 130.00
108.00 131.00
108.00 132.00
108.00 133.00
107.60 134.00
107.60 135.00
107.60 136.00
107.60 137.00
107.60 138.00
108.60 139.00
108.60 140.00
108.60 141.00
108.60 142.00
108.60 143.00
109.20 143.80
109.40 145.00
109.60 146.40
110.60 146.80
111.60 147.80
112.20 148.20
112.40 148.60
112.60 149.40
113.00 149.40
114.00 150.60
115.20 151.20
116.20 151.20
118.40 151.60
119.00 151.60
120.00 152.20
121.00 152.20
122.00 152.60
123.20 153.00
124.20 153.20
125.00 153.40
126.00 153.80
127.20 154.20
128.00 153.80
130.60 154.60
131.20 154.20
132.00 154.60
133.20 154.20
134.20 154.20
135.20 154.20
137.00 155.00
137.80 154.40
138.60 154.00
139.60 154.00
140.20 152.80
141.20 152.60
143.20 152.00
144.00 151.80
144.80 150.60
145.80 149.60
147.20 149.20
147.20 149.20
148.20 148.20
148.80 146.80
150.20 146.20
150.80 145.80
151.00 145.00
151.40 144.40
151.60 143.60
152.60 142.00
152.60 141.00
153.40 140.00
154.40 139.00
155.20 138.00
155.20 137.00
155.20 136.00
155.20 135.00
155.20 134.00
155.20 133.00
155.20 132.00
154.80 131.00
154.20 129.80
154.20 128.80
154.20 127.80
153.40 126.60
153.40 125.60
153.40 124.60
152.60 123.40
152.40 122.60
152.20 121.80
152.20 120.80
151.40 119.60
151.20 118.60
150.40 117.20
149.40 116.20
149.20 115.60
148.20 114.60
147.20 113.60
146.20 112.60
145.00 112.00
144.00 111.00
143.00 110.00
142.00 109.00
141.00 108.00
140.00 108.00
139.00 108.00
137.80 107.20
136.80 107.20
136.00 107.00
135.00 107.00
134.00 107.00
133.00 107.00
132.00 107.00
131.00 107.00
130.00 107.00
129.00 107.00
128.00 107.00
127.00 107.00
125.80 107.60
124.80 107.60
123.80 108.60
122.80 108.60
121.80 109.60
